0.300000 0.0000e+00 0 1000000 0.0000e+00 0.0000e+00 0 1000000 0.0000e+00 0.0000e+00 0 1000000 0.0000e+00 60 6.847461
0.290000 0.0000e+00 0 0 0.0000e+00 0.0000e+00 0 0 0.0000e+00 0.0000e+00 0 0 0.0000e+00 60 0.000001
0.280000 0.0000e+00 0 0 0.0000e+00 0.0000e+00 0 0 0.0000e+00 0.0000e+00 0 0 0.0000e+00 60 0.000000
0.270000 0.0000e+00 0 0 0.0000e+00 0.0000e+00 0 0 0.0000e+00 0.0000e+00 0 0 0.0000e+00 60 0.000000
0.260000 0.0000e+00 0 0 0.0000e+00 0.0000e+00 0 0 0.0000e+00 0.0000e+00 0 0 0.0000e+00 60 0.000000
0.250000 0.0000e+00 0 0 0.0000e+00 0.0000e+00 0 0 0.0000e+00 0.0000e+00 0 0 0.0000e+00 60 0.000000
0.240000 0.0000e+00 0 0 0.0000e+00 0.0000e+00 0 0 0.0000e+00 0.0000e+00 0 0 0.0000e+00 60 0.000001
0.230000 0.0000e+00 0 0 0.0000e+00 0.0000e+00 0 0 0.0000e+00 0.0000e+00 0 0 0.0000e+00 60 0.000001
0.220000 0.0000e+00 0 0 0.0000e+00 0.0000e+00 0 0 0.0000e+00 0.0000e+00 0 0 0.0000e+00 60 0.000000
0.210000 0.0000e+00 0 0 0.0000e+00 0.0000e+00 0 0 0.0000e+00 0.0000e+00 0 0 0.0000e+00 60 0.000001
0.200000 0.0000e+00 0 0 0.0000e+00 0.0000e+00 0 0 0.0000e+00 0.0000e+00 0 0 0.0000e+00 60 0.000001
0.190000 0.0000e+00 0 0 0.0000e+00 0.0000e+00 0 0 0.0000e+00 0.0000e+00 0 0 0.0000e+00 60 0.000000
0.180000 0.0000e+00 0 0 0.0000e+00 0.0000e+00 0 0 0.0000e+00 0.0000e+00 0 0 0.0000e+00 60 0.000001
0.170000 0.0000e+00 0 0 0.0000e+00 0.0000e+00 0 0 0.0000e+00 0.0000e+00 0 0 0.0000e+00 60 0.000000
0.160000 0.0000e+00 0 0 0.0000e+00 0.0000e+00 0 0 0.0000e+00 0.0000e+00 0 0 0.0000e+00 60 0.000001
0.150000 0.0000e+00 0 0 0.0000e+00 0.0000e+00 0 0 0.0000e+00 0.0000e+00 0 0 0.0000e+00 60 0.000000
0.140000 0.0000e+00 0 0 0.0000e+00 0.0000e+00 0 0 0.0000e+00 0.0000e+00 0 0 0.0000e+00 60 0.000001
0.130000 0.0000e+00 0 0 0.0000e+00 0.0000e+00 0 0 0.0000e+00 0.0000e+00 0 0 0.0000e+00 60 0.000000
0.120000 0.0000e+00 0 0 0.0000e+00 0.0000e+00 0 0 0.0000e+00 0.0000e+00 0 0 0.0000e+00 60 0.000000
0.110000 0.0000e+00 0 0 0.0000e+00 0.0000e+00 0 0 0.0000e+00 0.0000e+00 0 0 0.0000e+00 60 0.000000
0.100000 0.0000e+00 0 0 0.0000e+00 0.0000e+00 0 0 0.0000e+00 0.0000e+00 0 0 0.0000e+00 60 0.000001
0.090000 0.0000e+00 0 0 0.0000e+00 0.0000e+00 0 0 0.0000e+00 0.0000e+00 0 0 0.0000e+00 60 0.000001
0.080000 0.0000e+00 0 0 0.0000e+00 0.0000e+00 0 0 0.0000e+00 0.0000e+00 0 0 0.0000e+00 60 0.000000
0.070000 0.0000e+00 0 0 0.0000e+00 0.0000e+00 0 0 0.0000e+00 0.0000e+00 0 0 0.0000e+00 60 0.000000
0.060000 0.0000e+00 0 0 0.0000e+00 0.0000e+00 0 0 0.0000e+00 0.0000e+00 0 0 0.0000e+00 60 0.000000
0.050000 0.0000e+00 0 0 0.0000e+00 0.0000e+00 0 0 0.0000e+00 0.0000e+00 0 0 0.0000e+00 60 0.000001
0.040000 0.0000e+00 0 0 0.0000e+00 0.0000e+00 0 0 0.0000e+00 0.0000e+00 0 0 0.0000e+00 60 0.000000
0.030000 0.0000e+00 0 0 0.0000e+00 0.0000e+00 0 0 0.0000e+00 0.0000e+00 0 0 0.0000e+00 60 0.000001
0.020000 0.0000e+00 0 0 0.0000e+00 0.0000e+00 0 0 0.0000e+00 0.0000e+00 0 0 0.0000e+00 60 0.000001
0.010000 0.0000e+00 0 0 0.0000e+00 0.0000e+00 0 0 0.0000e+00 0.0000e+00 0 0 0.0000e+00 60 0.000000
0.000000 0.0000e+00 0 0 0.0000e+00 0.0000e+00 0 0 0.0000e+00 0.0000e+00 0 0 0.0000e+00 60 0.000001
