0.300000 4.8357e-01 1001 2070 0.0000e+00 1.0600e-02 106 10000 2.0072e-03 4.8309e-01 1000 2070 0.0000e+00 24 0.017384
0.290000 4.7150e-01 1001 2123 0.0000e+00 8.9000e-03 89 10000 1.8408e-03 4.7103e-01 1000 2123 0.0000e+00 24 0.016941
0.280000 4.3807e-01 1001 2285 0.0000e+00 7.6000e-03 76 10000 1.7022e-03 4.3764e-01 1000 2285 0.0000e+00 24 0.016702
0.270000 4.0494e-01 1001 2472 0.0000e+00 7.1000e-03 71 10000 1.6457e-03 4.0453e-01 1000 2472 0.0000e+00 24 0.016466
0.260000 3.9289e-01 1005 2558 0.0000e+00 6.6000e-03 66 10000 1.5870e-03 3.9093e-01 1000 2558 0.0000e+00 24 0.016077
0.250000 3.5656e-01 1003 2813 0.0000e+00 4.8000e-03 48 10000 1.3547e-03 3.5549e-01 1000 2813 0.0000e+00 24 0.015989
0.240000 3.3157e-01 1001 3019 0.0000e+00 4.1000e-03 41 10000 1.2524e-03 3.3124e-01 1000 3019 0.0000e+00 24 0.015719
0.230000 3.0556e-01 1005 3289 0.0000e+00 3.1000e-03 31 10000 1.0896e-03 3.0404e-01 1000 3289 0.0000e+00 24 0.016021
0.220000 2.7775e-01 1001 3604 0.0000e+00 1.7000e-03 17 10000 8.0744e-04 2.7747e-01 1000 3604 0.0000e+00 24 0.015929
0.210000 2.5913e-01 1000 3859 0.0000e+00 2.3000e-03 23 10000 9.3890e-04 2.5913e-01 1000 3859 0.0000e+00 24 0.015752
0.200000 2.4723e-01 1004 4061 0.0000e+00 2.1000e-03 21 10000 8.9724e-04 2.4624e-01 1000 4061 0.0000e+00 24 0.015805
0.190000 2.0541e-01 1003 4883 0.0000e+00 1.4000e-03 14 10000 7.3285e-04 2.0479e-01 1000 4883 0.0000e+00 24 0.015837
0.180000 1.8580e-01 1002 5393 0.0000e+00 1.0000e-03 10 10000 6.1950e-04 1.8543e-01 1000 5393 0.0000e+00 24 0.015802
0.170000 1.6445e-01 1000 6081 0.0000e+00 2.0000e-04 2 10000 2.7716e-04 1.6445e-01 1000 6081 0.0000e+00 24 0.015813
0.160000 1.4568e-01 1003 6885 0.0000e+00 5.0000e-04 5 10000 4.3816e-04 1.4524e-01 1000 6885 0.0000e+00 24 0.016248
0.150000 1.3022e-01 1001 7687 0.0000e+00 9.0000e-04 9 10000 5.8774e-04 1.3009e-01 1000 7687 0.0000e+00 24 0.016229
0.140000 1.0602e-01 1001 9442 0.0000e+00 3.0000e-04 3 10000 3.3943e-04 1.0591e-01 1000 9442 0.0000e+00 24 0.016905
0.130000 9.2600e-02 926 10000 5.6815e-03 3.0000e-04 3 10000 0.0000e+00 9.2500e-02 925 10000 0.0000e+00 24 0.016504
0.120000 8.1600e-02 816 10000 5.3656e-03 3.0000e-04 3 10000 0.0000e+00 8.1500e-02 815 10000 0.0000e+00 24 0.015926
0.110000 6.7500e-02 675 10000 4.9174e-03 0.0000e+00 0 10000 0.0000e+00 6.7500e-02 675 10000 0.0000e+00 24 0.015375
0.100000 5.6600e-02 566 10000 4.5291e-03 0.0000e+00 0 10000 0.0000e+00 5.6600e-02 566 10000 0.0000e+00 24 0.014883
0.090000 4.3900e-02 439 10000 4.0155e-03 1.0000e-04 1 10000 0.0000e+00 4.3800e-02 438 10000 0.0000e+00 24 0.014315
0.080000 3.1500e-02 315 10000 3.4234e-03 0.0000e+00 0 10000 0.0000e+00 3.1500e-02 315 10000 0.0000e+00 24 0.013559
0.070000 2.4700e-02 247 10000 3.0421e-03 0.0000e+00 0 10000 0.0000e+00 2.4700e-02 247 10000 0.0000e+00 24 0.012975
0.060000 1.4400e-02 144 10000 2.3350e-03 1.0000e-04 1 10000 0.0000e+00 1.4300e-02 143 10000 0.0000e+00 24 0.012574
0.050000 1.2500e-02 125 10000 2.1776e-03 0.0000e+00 0 10000 0.0000e+00 1.2500e-02 125 10000 0.0000e+00 24 0.012222
0.040000 8.1000e-03 81 10000 1.7568e-03 0.0000e+00 0 10000 0.0000e+00 8.1000e-03 81 10000 0.0000e+00 24 0.011829
0.030000 4.1000e-03 41 10000 1.2524e-03 0.0000e+00 0 10000 0.0000e+00 4.1000e-03 41 10000 0.0000e+00 24 0.011331
0.020000 1.4000e-03 14 10000 7.3285e-04 0.0000e+00 0 10000 0.0000e+00 1.4000e-03 14 10000 0.0000e+00 24 0.011128
0.010000 6.0000e-04 6 10000 4.7996e-04 0.0000e+00 0 10000 0.0000e+00 6.0000e-04 6 10000 0.0000e+00 24 0.010701
0.000000 0.0000e+00 0 10000 0.0000e+00 0.0000e+00 0 10000 0.0000e+00 0.0000e+00 0 10000 0.0000e+00 24 0.010251
