0.300000 4.8526e-01 1004 2069 0.0000e+00 0 0 0 0 0 4.8333e-01 1000 2069 0.0000e+00 25 0.017372
0.290000 4.3876e-01 1003 2286 0.0000e+00 0 0 0 0 0 4.3745e-01 1000 2286 0.0000e+00 25 0.017348
0.280000 4.2172e-01 1002 2376 0.0000e+00 0 0 0 0 0 4.2088e-01 1000 2376 0.0000e+00 25 0.017418
0.270000 3.8279e-01 1001 2615 0.0000e+00 0 0 0 0 0 3.8241e-01 1000 2615 0.0000e+00 25 0.017078
0.260000 3.7170e-01 1001 2693 0.0000e+00 0 0 0 0 0 3.7133e-01 1000 2693 0.0000e+00 25 0.016757
0.250000 3.5280e-01 1003 2843 0.0000e+00 0 0 0 0 0 3.5174e-01 1000 2843 0.0000e+00 25 0.016096
0.240000 3.2085e-01 1002 3123 0.0000e+00 0 0 0 0 0 3.2020e-01 1000 3123 0.0000e+00 25 0.015971
0.230000 2.9290e-01 1002 3421 0.0000e+00 0 0 0 0 0 2.9231e-01 1000 3421 0.0000e+00 25 0.015855
0.220000 2.5798e-01 1002 3884 0.0000e+00 0 0 0 0 0 2.5747e-01 1000 3884 0.0000e+00 25 0.016130
0.210000 2.3455e-01 1002 4272 0.0000e+00 0 0 0 0 0 2.3408e-01 1000 4272 0.0000e+00 25 0.015909
0.200000 2.2314e-01 1001 4486 0.0000e+00 0 0 0 0 0 2.2292e-01 1000 4486 0.0000e+00 25 0.015714
0.190000 2.0513e-01 1000 4875 0.0000e+00 0 0 0 0 0 2.0513e-01 1000 4875 0.0000e+00 25 0.015868
0.180000 1.8352e-01 1000 5449 0.0000e+00 0 0 0 0 0 1.8352e-01 1000 5449 0.0000e+00 25 0.015940
0.170000 1.5274e-01 1002 6560 0.0000e+00 0 0 0 0 0 1.5244e-01 1000 6560 0.0000e+00 25 0.016146
0.160000 1.4960e-01 1001 6691 0.0000e+00 0 0 0 0 0 1.4945e-01 1000 6691 0.0000e+00 25 0.015983
0.150000 1.1659e-01 1002 8594 0.0000e+00 0 0 0 0 0 1.1636e-01 1000 8594 0.0000e+00 25 0.016477
0.140000 1.0656e-01 1001 9394 0.0000e+00 0 0 0 0 0 1.0645e-01 1000 9394 0.0000e+00 25 0.016519
0.130000 0 0 0 0 0 1.0000e-04 1 10000 0.0000e+00 8.9700e-02 897 10000 0.0000e+00 25 0.016481
0.120000 0 0 0 0 0 3.0000e-04 3 10000 0.0000e+00 7.1800e-02 718 10000 0.0000e+00 25 0.015612
0.110000 0 0 0 0 0 0.0000e+00 0 10000 0.0000e+00 6.5600e-02 656 10000 0.0000e+00 25 0.015408
0.100000 0 0 0 0 0 1.0000e-04 1 10000 0.0000e+00 4.9000e-02 490 10000 0.0000e+00 25 0.015007
0.090000 0 0 0 0 0 0.0000e+00 0 10000 0.0000e+00 4.1800e-02 418 10000 0.0000e+00 25 0.014124
0.080000 0 0 0 0 0 2.0000e-04 2 10000 0.0000e+00 2.9800e-02 298 10000 0.0000e+00 25 0.013559
0.070000 0 0 0 0 0 0.0000e+00 0 10000 0.0000e+00 2.4700e-02 247 10000 0.0000e+00 25 0.013034
0.060000 0 0 0 0 0 0.0000e+00 0 10000 0.0000e+00 1.7600e-02 176 10000 0.0000e+00 25 0.012722
0.050000 0 0 0 0 0 0.0000e+00 0 10000 0.0000e+00 1.2000e-02 120 10000 0.0000e+00 25 0.012059
0.040000 0 0 0 0 0 0.0000e+00 0 10000 0.0000e+00 8.4000e-03 84 10000 0.0000e+00 25 0.011940
0.030000 0 0 0 0 0 0.0000e+00 0 10000 0.0000e+00 3.4000e-03 34 10000 0.0000e+00 25 0.011462
0.020000 0 0 0 0 0 0.0000e+00 0 10000 0.0000e+00 1.3000e-03 13 10000 0.0000e+00 25 0.011203
0.010000 0 0 0 0 0 0.0000e+00 0 10000 0.0000e+00 4.0000e-04 4 10000 0.0000e+00 25 0.010801
0.000000 0.0000e+00 0 10000 0.0000e+00 0.0000e+00 0 10000 0.0000e+00 0.0000e+00 0 10000 0.0000e+00 25 0.010419
