0.300000 4.6034e-01 1004 2181 0.0000e+00 1.1800e-02 118 10000 2.1165e-03 4.5851e-01 1000 2181 0.0000e+00 26 0.018490
0.290000 4.3016e-01 1004 2334 0.0000e+00 1.0300e-02 103 10000 1.9789e-03 4.2845e-01 1000 2334 0.0000e+00 26 0.018374
0.280000 3.7792e-01 1003 2654 0.0000e+00 8.3000e-03 83 10000 1.7782e-03 3.7679e-01 1000 2654 0.0000e+00 26 0.017956
0.270000 3.6187e-01 1006 2780 0.0000e+00 9.3000e-03 93 10000 1.8813e-03 3.5971e-01 1000 2780 0.0000e+00 26 0.017586
0.260000 3.4875e-01 1003 2876 0.0000e+00 5.6000e-03 56 10000 1.4626e-03 3.4771e-01 1000 2876 0.0000e+00 26 0.017693
0.250000 3.3622e-01 1010 3004 0.0000e+00 6.8000e-03 68 10000 1.6108e-03 3.3289e-01 1000 3004 0.0000e+00 26 0.017192
0.240000 2.9152e-01 1004 3444 0.0000e+00 4.7000e-03 47 10000 1.3405e-03 2.9036e-01 1000 3444 0.0000e+00 26 0.016963
0.230000 2.7175e-01 1006 3702 0.0000e+00 4.3000e-03 43 10000 1.2825e-03 2.7012e-01 1000 3702 0.0000e+00 26 0.016690
0.220000 2.3876e-01 1004 4205 0.0000e+00 2.6000e-03 26 10000 9.9811e-04 2.3781e-01 1000 4205 0.0000e+00 26 0.016806
0.210000 2.3095e-01 1003 4343 0.0000e+00 1.7000e-03 17 10000 8.0744e-04 2.3026e-01 1000 4343 0.0000e+00 26 0.016687
0.200000 2.1327e-01 1003 4703 0.0000e+00 1.5000e-03 15 10000 7.5854e-04 2.1263e-01 1000 4703 0.0000e+00 26 0.016407
0.190000 1.8030e-01 1001 5552 0.0000e+00 1.1000e-03 11 10000 6.4970e-04 1.8012e-01 1000 5552 0.0000e+00 26 0.016829
0.180000 1.6767e-01 1004 5988 0.0000e+00 1.0000e-03 10 10000 6.1950e-04 1.6700e-01 1000 5988 0.0000e+00 26 0.016573
0.170000 1.4364e-01 1001 6969 0.0000e+00 6.0000e-04 6 10000 4.7996e-04 1.4349e-01 1000 6969 0.0000e+00 26 0.016760
0.160000 1.2979e-01 1005 7743 0.0000e+00 1.1000e-03 11 10000 6.4970e-04 1.2915e-01 1000 7743 0.0000e+00 26 0.017053
0.150000 1.1678e-01 1001 8572 0.0000e+00 4.0000e-04 4 10000 3.9192e-04 1.1666e-01 1000 8572 0.0000e+00 26 0.017045
0.140000 9.3300e-02 933 10000 5.7007e-03 6.0000e-04 6 10000 0.0000e+00 9.2900e-02 929 10000 0.0000e+00 26 0.017328
0.130000 8.2800e-02 828 10000 5.4014e-03 3.0000e-04 3 10000 0.0000e+00 8.2500e-02 825 10000 0.0000e+00 26 0.016606
0.120000 6.6300e-02 663 10000 4.8766e-03 5.0000e-04 5 10000 0.0000e+00 6.5900e-02 659 10000 0.0000e+00 26 0.016173
0.110000 5.9000e-02 590 10000 4.6182e-03 0.0000e+00 0 10000 0.0000e+00 5.9000e-02 590 10000 0.0000e+00 26 0.015481
0.100000 4.5100e-02 451 10000 4.0675e-03 0.0000e+00 0 10000 0.0000e+00 4.5100e-02 451 10000 0.0000e+00 26 0.015127
0.090000 3.8400e-02 384 10000 3.7663e-03 3.0000e-04 3 10000 0.0000e+00 3.8200e-02 382 10000 0.0000e+00 26 0.014581
0.080000 3.2800e-02 328 10000 3.4910e-03 0.0000e+00 0 10000 0.0000e+00 3.2800e-02 328 10000 0.0000e+00 26 0.013947
0.070000 2.2300e-02 223 10000 2.8941e-03 0.0000e+00 0 10000 0.0000e+00 2.2300e-02 223 10000 0.0000e+00 26 0.013312
0.060000 1.7400e-02 174 10000 2.5628e-03 0.0000e+00 0 10000 0.0000e+00 1.7400e-02 174 10000 0.0000e+00 26 0.013095
0.050000 1.1500e-02 115 10000 2.0897e-03 0.0000e+00 0 10000 0.0000e+00 1.1500e-02 115 10000 0.0000e+00 26 0.012529
0.040000 6.6000e-03 66 10000 1.5870e-03 0.0000e+00 0 10000 0.0000e+00 6.6000e-03 66 10000 0.0000e+00 26 0.012115
0.030000 6.0000e-03 60 10000 1.5136e-03 0.0000e+00 0 10000 0.0000e+00 6.0000e-03 60 10000 0.0000e+00 26 0.011486
0.020000 1.5000e-03 15 10000 7.5854e-04 0.0000e+00 0 10000 0.0000e+00 1.5000e-03 15 10000 0.0000e+00 26 0.011275
0.010000 8.0000e-04 8 10000 5.5415e-04 0.0000e+00 0 10000 0.0000e+00 8.0000e-04 8 10000 0.0000e+00 26 0.010917
0.000000 0.0000e+00 0 10000 0.0000e+00 0.0000e+00 0 10000 0.0000e+00 0.0000e+00 0 10000 0.0000e+00 26 0.010431
