0.300000 4.8357e-01 1001 2070 0.0000e+00 0 0 0 0 0 4.8309e-01 1000 2070 0.0000e+00 24 0.017384
0.290000 4.7150e-01 1001 2123 0.0000e+00 0 0 0 0 0 4.7103e-01 1000 2123 0.0000e+00 24 0.016941
0.280000 4.3807e-01 1001 2285 0.0000e+00 0 0 0 0 0 4.3764e-01 1000 2285 0.0000e+00 24 0.016702
0.270000 4.0494e-01 1001 2472 0.0000e+00 0 0 0 0 0 4.0453e-01 1000 2472 0.0000e+00 24 0.016466
0.260000 3.9289e-01 1005 2558 0.0000e+00 0 0 0 0 0 3.9093e-01 1000 2558 0.0000e+00 24 0.016077
0.250000 3.5656e-01 1003 2813 0.0000e+00 0 0 0 0 0 3.5549e-01 1000 2813 0.0000e+00 24 0.015989
0.240000 3.3157e-01 1001 3019 0.0000e+00 0 0 0 0 0 3.3124e-01 1000 3019 0.0000e+00 24 0.015719
0.230000 3.0556e-01 1005 3289 0.0000e+00 0 0 0 0 0 3.0404e-01 1000 3289 0.0000e+00 24 0.016021
0.220000 2.7775e-01 1001 3604 0.0000e+00 0 0 0 0 0 2.7747e-01 1000 3604 0.0000e+00 24 0.015929
0.210000 2.5913e-01 1000 3859 0.0000e+00 0 0 0 0 0 2.5913e-01 1000 3859 0.0000e+00 24 0.015752
0.200000 2.4723e-01 1004 4061 0.0000e+00 0 0 0 0 0 2.4624e-01 1000 4061 0.0000e+00 24 0.015805
0.190000 2.0541e-01 1003 4883 0.0000e+00 0 0 0 0 0 2.0479e-01 1000 4883 0.0000e+00 24 0.015837
0.180000 1.8580e-01 1002 5393 0.0000e+00 0 0 0 0 0 1.8543e-01 1000 5393 0.0000e+00 24 0.015802
0.170000 1.6445e-01 1000 6081 0.0000e+00 0 0 0 0 0 1.6445e-01 1000 6081 0.0000e+00 24 0.015813
0.160000 1.4568e-01 1003 6885 0.0000e+00 0 0 0 0 0 1.4524e-01 1000 6885 0.0000e+00 24 0.016248
0.150000 1.3022e-01 1001 7687 0.0000e+00 0 0 0 0 0 1.3009e-01 1000 7687 0.0000e+00 24 0.016229
0.140000 1.0602e-01 1001 9442 0.0000e+00 0 0 0 0 0 1.0591e-01 1000 9442 0.0000e+00 24 0.016905
0.130000 0 0 0 0 0 3.0000e-04 3 10000 0.0000e+00 9.2500e-02 925 10000 0.0000e+00 24 0.016504
0.120000 0 0 0 0 0 3.0000e-04 3 10000 0.0000e+00 8.1500e-02 815 10000 0.0000e+00 24 0.015926
0.110000 0 0 0 0 0 0.0000e+00 0 10000 0.0000e+00 6.7500e-02 675 10000 0.0000e+00 24 0.015375
0.100000 0 0 0 0 0 0.0000e+00 0 10000 0.0000e+00 5.6600e-02 566 10000 0.0000e+00 24 0.014883
0.090000 0 0 0 0 0 1.0000e-04 1 10000 0.0000e+00 4.3800e-02 438 10000 0.0000e+00 24 0.014315
0.080000 0 0 0 0 0 0.0000e+00 0 10000 0.0000e+00 3.1500e-02 315 10000 0.0000e+00 24 0.013559
0.070000 0 0 0 0 0 0.0000e+00 0 10000 0.0000e+00 2.4700e-02 247 10000 0.0000e+00 24 0.012975
0.060000 0 0 0 0 0 1.0000e-04 1 10000 0.0000e+00 1.4300e-02 143 10000 0.0000e+00 24 0.012574
0.050000 0 0 0 0 0 0.0000e+00 0 10000 0.0000e+00 1.2500e-02 125 10000 0.0000e+00 24 0.012222
0.040000 0 0 0 0 0 0.0000e+00 0 10000 0.0000e+00 8.1000e-03 81 10000 0.0000e+00 24 0.011829
0.030000 0 0 0 0 0 0.0000e+00 0 10000 0.0000e+00 4.1000e-03 41 10000 0.0000e+00 24 0.011331
0.020000 0 0 0 0 0 0.0000e+00 0 10000 0.0000e+00 1.4000e-03 14 10000 0.0000e+00 24 0.011128
0.010000 0 0 0 0 0 0.0000e+00 0 10000 0.0000e+00 6.0000e-04 6 10000 0.0000e+00 24 0.010701
0.000000 0.0000e+00 0 10000 0.0000e+00 0.0000e+00 0 10000 0.0000e+00 0.0000e+00 0 10000 0.0000e+00 24 0.010251
