110 187
0 1
1 3
3 2
2 0
1 4
4 5
5 3
4 6
6 7
7 5
6 8
8 9
9 7
8 10
10 11
11 9
3 13
13 12
12 2
14 13
15 14
9 16
16 15
11 17
17 16
13 19
19 18
18 12
14 20
20 19
15 21
21 20
16 22
22 21
17 23
23 22
19 25
25 24
24 18
20 26
26 25
21 27
27 26
22 28
28 27
23 29
29 28
25 31
31 30
30 24
32 31
33 32
28 34
34 33
29 35
35 34
31 37
37 36
36 30
32 38
38 37
33 39
39 38
34 40
40 39
35 41
41 40
37 43
43 42
42 36
38 44
44 43
39 45
45 44
40 46
46 45
41 47
47 46
43 49
49 48
48 42
50 49
51 50
46 52
52 51
47 53
53 52
49 55
55 54
54 48
50 56
56 55
51 57
57 56
52 58
58 57
53 59
59 58
10 60
60 61
61 11
60 62
62 63
63 61
62 64
64 65
65 63
64 66
66 67
67 65
66 68
68 69
69 67
61 70
70 17
71 70
72 71
67 73
73 72
69 74
74 73
70 75
75 23
71 76
76 75
72 77
77 76
73 78
78 77
74 79
79 78
75 80
80 29
76 81
81 80
77 82
82 81
78 83
83 82
79 84
84 83
80 85
85 35
86 85
87 86
83 88
88 87
84 89
89 88
85 90
90 41
86 91
91 90
87 92
92 91
88 93
93 92
89 94
94 93
90 95
95 47
91 96
96 95
92 97
97 96
93 98
98 97
94 99
99 98
95 100
100 53
101 100
102 101
98 103
103 102
99 104
104 103
100 105
105 59
101 106
106 105
102 107
107 106
103 108
108 107
104 109
109 108
