72
4 0 1 2 3 
4 4 5 6 1 
4 7 8 9 5 
4 10 11 12 8 
4 13 14 15 11 
4 2 16 17 18 
4 15 23 24 21 
4 17 25 26 27 
4 19 28 29 25 
4 20 30 31 28 
4 22 32 33 30 
4 24 34 35 32 
4 26 36 37 38 
4 29 39 40 36 
4 31 41 42 39 
4 33 43 44 41 
4 35 45 46 43 
4 37 47 48 49 
4 46 54 55 52 
4 48 56 57 58 
4 50 59 60 56 
4 51 61 62 59 
4 53 63 64 61 
4 55 65 66 63 
4 57 67 68 69 
4 60 70 71 67 
4 62 72 73 70 
4 64 74 75 72 
4 66 76 77 74 
4 68 78 79 80 
4 77 85 86 83 
4 79 87 88 89 
4 81 90 91 87 
4 82 92 93 90 
4 84 94 95 92 
4 86 96 97 94 
4 98 99 100 14 
4 101 102 103 99 
4 104 105 106 102 
4 107 108 109 105 
4 110 111 112 108 
4 100 113 114 23 
4 112 119 120 117 
4 114 121 122 34 
4 115 123 124 121 
4 116 125 126 123 
4 118 127 128 125 
4 120 129 130 127 
4 122 131 132 45 
4 124 133 134 131 
4 126 135 136 133 
4 128 137 138 135 
4 130 139 140 137 
4 132 141 142 54 
4 140 147 148 145 
4 142 149 150 65 
4 143 151 152 149 
4 144 153 154 151 
4 146 155 156 153 
4 148 157 158 155 
4 150 159 160 76 
4 152 161 162 159 
4 154 163 164 161 
4 156 165 166 163 
4 158 167 168 165 
4 160 169 170 85 
4 168 175 176 173 
4 170 177 178 96 
4 171 179 180 177 
4 172 181 182 179 
4 174 183 184 181 
4 176 185 186 183 
